/* -*- Mode: Javascript; tab-width: 4; indent-tabs-mode: nil; c-basic-offset: 4 -*- */
{
    "chatty": true
    ,
    "io": {
        "footpedals": "io/sawRobotIO1394-MTMR-foot-pedals-DQLA.xml"
         , "firewire-protocol": "sequential-read-write" // with firmware nine, use broadcast-read-write
    }
    ,
    "arms":
    [
        {
            "name": "SUJ",
            "type": "SUJ_Si",
            "arm": "suj-si.json"
        }
        ,
        {
            "name": "PSM1",
            "type": "PSM",
            "serial": "809610",
            "base-frame": {
                "reference-frame": "ECM",
                "transform": [[  1.0,  0.0,          0.0,         -0.20],
                              [  0.0, -0.866025404,  0.5,          0.0 ],
                              [  0.0, -0.5,         -0.866025404,  0.0 ],
                              [  0.0,  0.0,          0.0,          1.0 ]]
            }
        }
        ,
        {
            "name": "PSM2",
            "type": "PSM",
            "serial": "299976",
            "base-frame": {
                "reference-frame": "ECM",
                "transform": [[  1.0,  0.0,          0.0,          0.20],
                              [  0.0, -0.866025404,  0.5,          0.0 ],
                              [  0.0, -0.5,         -0.866025404,  0.0 ],
                              [  0.0,  0.0,          0.0,          1.0 ]]
            }
        }
        ,
        {
            "name": "MTMR",
            "type": "MTM",
            "serial": "55839",
            "base-frame": {
                "reference-frame": "HRSV",
                "transform": [[ -1.0,  0.0,          0.0,         -0.180],
                              [  0.0,  0.866025404,  0.5,          0.400],
                              [  0.0,  0.5,         -0.866025404,  0.475],
                              [  0.0,  0.0,          0.0,          1.0]]
            }
        }
        ,
        {
            "name": "MTML",
            "type": "MTM",
            "serial": "56253",
            "base-frame": {
                "reference-frame": "HRSV",
                "transform": [[ -1.0,  0.0,          0.0,          0.180],
                              [  0.0,  0.866025404,  0.5,          0.400],
                              [  0.0,  0.5,         -0.866025404,  0.475],
                              [  0.0,  0.0,          0.0,          1.0]]
            }
        }
    ]
    ,
    "psm-teleops":
    [
        {
            "mtm": "MTMR",
            "psm": "PSM1",
            "configure-parameter": {
                "scale": 0.2
            }
        }
        ,
        {
            "mtm": "MTML",
            "psm": "PSM2",
            "configure-parameter": {
                "scale": 0.2
            }
        }
    ]
}
